📊 Modelo PyTorch (estructura y pesos):
model.0.weight: [0.35758811235427856, -0.24972105026245117, -0.6499243974685669, -0.16881132125854492, -0.4828219413757324, 0.19090533256530762, -0.09748315811157227, 0.047043364495038986]
model.0.bias: [-0.6475709676742554, -0.16054773330688477, -0.9485349655151367, 0.5325357913970947, -0.446399450302124, -1.1220836639404297, -0.9793329238891602, -0.47538092732429504]
model.2.weight: [0.09621080756187439, 0.20732156932353973, 0.28803977370262146, -0.20738445222377777, 0.33620962500572205, 0.20602592825889587, 0.14979562163352966, 0.11410823464393616]
model.2.bias: [-1.0692161321640015]
